0,0,0,0,0,0,0,0,0,0,0,0,0,0,0,0,0,0,0,0,0,0,0,0,0,0,0,0
0,0,0,0,0,0,0,0,0,0,0,0,0,0,0,0,0,0,0,0,0,0,0,0,0,0,0,0
0,0,0,0,0,0,0,0,0,0,0,0,0,0,0,0,0,0,0,0,0,0,0,0,0,0,0,0
0,0,0,0,0,0,0,0,0,0,0,0,0,0,0,0,0,0,0,0,0,0,0,0,0,0,0,0
0,0,0,0,0,0,0,0,0,0,0,0,0,0,0,0,0,0,0,0,0,0,0,0,0,0,0,0
0,0,0,0,0,0,0,0,0,0,0,0,0,29,85,256,253,256,253,198,85,0,0,0,0,0,0,0
0,0,0,0,0,0,0,0,0,0,0,0,0,197,251,253,251,253,251,253,251,114,0,0,0,0,0,0
0,0,0,0,0,0,0,0,0,29,197,256,253,254,253,254,253,254,253,254,253,254,139,57,0,0,0,0
0,0,0,0,0,0,0,0,0,197,251,253,251,253,251,253,251,253,251,253,251,253,251,225,56,0,0,0
0,0,0,0,0,0,0,0,57,256,253,256,253,198,28,169,168,254,253,254,253,254,253,254,253,0,0,0
0,0,0,0,0,0,0,0,168,253,251,253,251,253,83,0,0,84,83,253,251,253,251,253,251,0,0,0
0,0,0,0,0,0,0,141,253,256,253,256,253,254,84,0,0,0,0,254,253,254,253,254,253,0,0,0
0,0,0,0,0,0,114,253,251,253,251,253,251,196,28,0,0,0,0,253,251,253,251,253,251,0,0,0
0,0,0,0,0,141,253,254,253,254,253,254,253,0,0,0,0,29,85,254,253,254,253,254,196,0,0,0
0,0,0,0,0,253,251,253,251,253,251,196,83,0,0,0,0,197,251,253,251,253,251,253,83,0,0,0
0,0,0,0,0,256,253,254,253,254,253,114,0,0,0,141,253,254,253,254,253,254,253,114,0,0,0,0
0,0,0,0,0,253,251,253,251,253,251,0,0,57,168,253,251,253,251,253,251,253,138,0,0,0,0,0
0,0,0,0,0,256,253,254,253,254,253,85,197,254,253,254,253,254,253,254,253,226,56,0,0,0,0,0
0,0,0,0,0,253,251,253,251,253,251,253,251,253,251,253,251,253,251,253,251,56,0,0,0,0,0,0
0,0,0,0,0,256,253,254,253,254,253,254,253,254,253,254,253,254,253,114,0,0,0,0,0,0,0,0
0,0,0,0,0,139,251,253,251,253,251,253,251,253,251,253,251,253,138,0,0,0,0,0,0,0,0,0
0,0,0,0,0,57,225,254,253,254,253,254,253,254,253,226,168,0,0,0,0,0,0,0,0,0,0,0
0,0,0,0,0,0,56,253,251,253,251,253,251,253,251,56,0,0,0,0,0,0,0,0,0,0,0,0
0,0,0,0,0,0,0,57,168,169,225,169,168,114,0,0,0,0,0,0,0,0,0,0,0,0,0,0
0,0,0,0,0,0,0,0,0,0,56,0,0,0,0,0,0,0,0,0,0,0,0,0,0,0,0,0
0,0,0,0,0,0,0,0,0,0,0,0,0,0,0,0,0,0,0,0,0,0,0,0,0,0,0,0
0,0,0,0,0,0,0,0,0,0,0,0,0,0,0,0,0,0,0,0,0,0,0,0,0,0,0,0
0,0,0,0,0,0,0,0,0,0,0,0,0,0,0,0,0,0,0,0,0,0,0,0,0,0,0,0
